A
N 583 33
N 18 115
T 18 181 99
;
N 178 181
N 98 247
T 63 313 -64
;
T 103 313 62
;
T 143 313 -83
;
;
;
;
;
;
;
N 338 181
N 178 247
T 103 313 87
;
T 143 313 -46
;
T 183 313 -90
;
T 223 313 92
;
;
;
;
;
;
N 498 181
N 258 247
T 143 313 -72
;
T 183 313 -66
;
T 223 313 -34
;
T 263 313 -10
;
;
;
;
;
;
;
N 258 115
N 178 181
T 338 247 20
;
N 418 247
T 223 313 89
;
T 263 313 -92
;
T 303 313 87
;
;
;
N 498 247
T 263 313 -10
;
;
;
;
;
;
;
N 338 181
N 418 247
T 303 313 36
;
T 343 313 -92
;
T 383 313 52
;
T 423 313 -59
;
;
N 498 247
T 343 313 78
;
T 383 313 6
;
T 423 313 -56
;
;
;
N 578 247
T 383 313 11
;
;
;
;
;
;
;
T 498 181 52
;
N 658 181
N 578 247
T 583 313 -79
;
;
;
;
;
N 658 247
T 623 313 96
;
T 663 313 -45
;
T 703 313 -87
;
T 743 313 -11
;
;
N 738 247
T 663 313 9
;
T 703 313 -82
;
;
;
;
N 818 247
T 703 313 72
;
T 743 313 31
;
T 783 313 -98
;
T 823 313 61
;
;
N 898 247
T 743 313 -7
;
T 783 313 55
;
T 823 313 -64
;
T 863 313 98
;
;
N 818 181
N 658 247
T 783 313 99
;
T 823 313 12
;
T 863 313 48
;
T 903 313 84
;
T 943 313 37
;
N 738 247
T 823 313 6
;
T 863 313 -30
;
;
;
;
N 818 247
T 863 313 44
;
;
;
;
;
;
;
N 498 115
N 338 181
N 738 247
T 903 313 -3
;
T 943 313 32
;
;
;
;
N 818 247
T 943 313 19
;
T 983 313 -18
;
T 1023 313 -76
;
T 1063 313 -24
;
;
;
;
;
;
;
;
;
N 738 115
N 498 181
N 818 247
T 983 313 -25
;
;
;
;
;
N 898 247
T 1023 313 -62
;
T 1063 313 -21
;
T 1103 313 -30
;
T 1143 313 -42
;
;
N 978 247
T 1063 313 -79
;
;
;
;
;
;
;
N 658 181
N 898 247
T 1103 313 -54
;
T 1143 313 -52
;
T 1183 313 -54
;
;
;
N 978 247
T 1143 313 -74
;
;
;
;
;
N 1058 247
T 1183 313 49
;
T 1223 313 57
;
T 1263 313 -98
;
T 1303 313 100
;
;
N 1138 247
T 1223 313 -85
;
T 1263 313 -22
;
T 1303 313 21
;
T 1343 313 40
;
T 1383 313 3
;
N 1218 247
T 1263 313 -23
;
T 1303 313 -78
;
T 1343 313 76
;
T 1383 313 -80
;
T 1423 313 99
;
N 818 181
T 978 247 92
;
N 1058 247
T 1343 313 -60
;
T 1383 313 76
;
;
;
;
;
;
;
N 978 181
T 1058 247 -61
;
;
;
;
;
N 1138 181
N 1138 247
T 1423 313 35
;
;
;
;
;
N 1218 247
T 1463 313 -69
;
T 1503 313 97
;
T 1543 313 -83
;
T 1583 313 77
;
T 1623 313 -18
;
N 1298 247
T 1503 313 62
;
T 1543 313 -6
;
T 1583 313 -89
;
T 1623 313 -24
;
T 1663 313 85
;
N 1378 247
T 1543 313 76
;
T 1583 313 95
;
T 1623 313 -10
;
T 1663 313 5
;
T 1703 313 -84
;
;
;
