A
N 583 33
N 18 115
N 18 181
N 18 247
T -17 313 -11
;
T 23 313 86
;
;
T 98 247 84
;
N 178 247
T 63 313 -86
;
T 103 313 -24
;
;
N 258 247
T 103 313 80
;
T 143 313 -38
;
T 183 313 20
;
;
N 338 247
T 143 313 -3
;
T 183 313 76
;
T 223 313 85
;
T 263 313 -42
;
;
;
N 178 181
T 98 247 -98
;
N 178 247
T 223 313 29
;
;
;
N 338 181
N 178 247
T 263 313 98
;
;
N 258 247
T 303 313 -59
;
T 343 313 20
;
T 383 313 23
;
;
N 338 247
T 343 313 -21
;
T 383 313 -15
;
T 423 313 87
;
T 463 313 -23
;
;
N 418 247
T 383 313 -85
;
T 423 313 13
;
T 463 313 85
;
T 503 313 42
;
;
N 498 247
T 423 313 46
;
T 463 313 -3
;
T 503 313 -28
;
T 543 313 -77
;
;
;
N 498 181
N 258 247
T 463 313 -61
;
T 503 313 64
;
T 543 313 -7
;
T 583 313 38
;
;
N 338 247
T 503 313 3
;
T 543 313 -33
;
;
N 418 247
T 543 313 -57
;
T 583 313 5
;
T 623 313 62
;
T 663 313 67
;
T 703 313 -81
;
;
N 498 247
T 583 313 69
;
;
;
;
N 258 115
N 178 181
N 338 247
T 623 313 89
;
T 663 313 -7
;
;
T 418 247 -18
;
N 498 247
T 703 313 -5
;
T 743 313 40
;
T 783 313 80
;
T 823 313 13
;
T 863 313 -61
;
;
N 578 247
T 743 313 -9
;
T 783 313 98
;
T 823 313 74
;
T 863 313 -27
;
T 903 313 89
;
;
;
N 338 181
N 418 247
T 783 313 -36
;
;
;
;
;
